param_cam0
1441.9042200000000	0.0000000000000000	370	
0.0000000000000000	1436.7974300000000	1800	
0.0000000000000000	0.0000000000000000	1.0000000000000000
0
0
1.0000000000000000	0.0000000000000000	0.0000000000000000	0.0000000000000000	
0.0000000000000000	1.0000000000000000	0.0000000000000000	0.0000000000000000	
0.0000000000000000	0.0000000000000000	1.0000000000000000	0.0000000000000000	
0.0000000000000000	0.0000000000000000	0.0000000000000000	1.0000000000000000	

param_cam1
1449.6184700000000	0.0000000000000000	370
0.0000000000000000	1446.0367900000000	1800	
0.0000000000000000	0.0000000000000000	1.0000000000000000
0
0
0.9995000000000000	0.0323000000000000	-0.002000000000000	0.0000000000000000	
-0.032300000000000	0.9993000000000000	0.0165000000000000	0.1550000000000000		
0.0025000000000000	-0.016400000000000	0.9999000000000000	0.0000000000000000	
0.0000000000000000	0.0000000000000000	0.0000000000000000	1.0000000000000000
